30
   2.496859222139620E+01   2.065063632564218E-03   1.746370978624651E+01
   3.479624439762248E-02   5.797284464321633E-01   2.362965739866476E+01
   7.267440156935129E+00   1.029704190780922E+01   1.603108406509588E+01   Mo
   1.332451889227622E+01   7.490609143123408E+00   1.386857122886407E+01   Mo
   7.417060159331387E+00   7.775528123954970E+00   1.440287117468814E+01   Mo
   1.008299165928796E+01   6.949883630730819E+00   1.292373335098961E+01   Mo
   1.335012032320150E+01   1.051716350371415E+01   1.176670555440392E+01   Mo
   1.701586636726187E+01   8.796131334111678E+00   7.042115206861538E+00   Mo
   1.021468370240700E+01   1.011156781717898E+01   1.409925717762826E+01   Mo
   1.187131901741156E+01   6.840212889851371E+00   1.027862237331133E+01   Mo
   1.429480412006101E+01   7.902667233197858E+00   7.454926104682383E+00   Mo
   1.503420686006450E+01   1.043119166391150E+01   8.367580774228513E+00   Mo
   6.363300001317156E+00   1.126726174415706E+01   1.774161997101247E+01    S
   1.469645374836403E+01   9.259349186603906E+00   1.320225311798848E+01    S
   1.594605516665187E+01   8.370439906565409E+00   9.077330725779886E+00    S
   1.233706183582961E+01   5.875960127311494E+00   1.239631801229343E+01    S
   1.237164138202987E+01   9.010155651575273E+00   1.043268563285516E+01    S
   1.318760782309882E+01   9.931608562061159E+00   7.039109912526234E+00    S
   1.290054111260037E+01   6.074935276278810E+00   8.325641915748859E+00    S
   5.733458973664358E+00   9.585403549605404E+00   1.441406465515767E+01    S
   8.243303730622465E+00   5.665813936646466E+00   1.366269311363142E+01    S
   1.154976716255638E+01   1.151150347739717E+01   1.284188626671488E+01    S
   1.128243080783540E+01   8.146378385567971E+00   1.481828881409841E+01    S
   8.639783855158210E+00   9.008135544206237E+00   1.286262741035600E+01    S
   1.464716860826853E+01   1.183045102646415E+01   1.037318257827887E+01    S
   9.171354562131219E+00   1.162483148395651E+01   1.557467263415425E+01    S
   1.682447382971623E+01   1.119370702804028E+01   7.093317554469332E+00    S
   1.432004549479478E+01   6.439822947878408E+00   1.546672007760305E+01    S
   1.567868617200245E+01   7.319279811461103E+00   5.688718196358650E+00    S
   9.609024891805893E+00   6.974201033493987E+00   1.053040217606069E+01    S
   1.909857542712394E+01   8.140127564920652E+00   7.119605688535511E+00    S
   8.146633547572813E+00   8.212128372225346E+00   1.656996644949112E+01    S
